9651 10227 815
8726 9204 623
7156 7589 286
691 939 579
3690 4200 983
3417 3938 390
2754 2849 127
9953 10639 941
2910 3217 898
6202 6302 571
7980 8333 7
1784 2226 604
3942 4000 91
8321 9018 290
1288 1339 722
2873 3541 518
2265 2405 168
2995 3132 571
5574 5660 422
5952 5954 893
8024 8336 442
1996 2028 52
30 68 61
5351 5558 226
3279 3311 863
1799 2016 69
6369 6858 736
8527 8547 168
9299 9659 7
235 344 949
9671 9746 433
9695 9743 132
3426 4150 962
3226 3596 938
5309 5581 564
5422 5460 577
7464 7498 301
2311 2356 140
345 1166 25
2458 2603 872
4698 4839 227
8373 8536 662
1401 1799 819
97 98 941
4609 4612 359
1780 1842 570
9053 9251 131
3821 4149 848
7658 7751 495
4872 4958 522
2274 2345 145
3404 3441 661
9406 9808 759
5530 6080 145
9665 9754 606
9919 9939 419
6535 6575 99
1462 1811 837
1040 1068 331
4675 4783 244
4211 4809 396
4160 4792 408
1975 2294 489
1821 1929 729
419 1099 373
8046 8304 730
2196 2253 120
3334 3361 11
1504 1874 768
6389 6482 155
9348 9396 81
9512 10131 32
176 232 331
766 1562 699
2994 3129 620
3647 3877 649
8193 8631 359
4715 5661 287
4204 4748 393
1856 2302 876
7752 7781 248
7438 7882 594
8467 8626 901
4099 4283 339
1926 2200 680
8474 8828 995
6236 6591 655
9829 10091 98
9090 9336 141
5379 5815 537
3579 3661 829
948 1714 851
3448 3495 377
4485 4807 422
574 699 924
1279 1282 995
6531 6903 558
2568 2796 387
2375 2419 428
8355 9063 376
2676 3078 668
9160 9396 95
7183 7302 543
4525 4561 666
6313 6654 257
5427 5727 792
5666 5933 350
626 778 207
4842 4909 738
8527 8754 117
8709 8748 456
9217 9273 198
613 1258 131
7247 7994 410
5813 5878 183
2270 2467 319
6438 6660 228
3711 3720 452
5597 5880 646
4988 5034 325
3273 3833 257
9729 9740 878
6323 6358 357
4268 4408 933
3202 3413 953
9540 9974 346
9937 10234 64
9236 9460 47
8831 8989 664
7911 8394 946
8595 8965 942
4319 4687 656
2677 2848 423
3236 3355 244
8664 9057 28
2012 2523 454
6641 6987 866
9497 9525 59
696 888 39
9310 9838 540
7481 7992 357
8572 8624 752
1373 1436 513
2349 2877 805
3071 3072 947
3791 3812 709
207 233 598
6142 6368 587
9628 9731 51
4013 4217 631
9738 9882 412
1174 1298 599
1468 2239 967
275 601 930
9063 9389 492
1383 1861 481
2073 2510 92
7668 7724 722
7786 8619 375
11 202 336
2412 2811 973
5649 5758 701
9467 9525 823
736 1046 466
5860 6008 510
3260 3624 828
3465 4083 921
3856 4001 225
4414 4501 471
1272 1490 497
9270 9636 602
8154 8536 631
5979 6338 156
1773 1945 455
2059 2405 411
9227 9471 243
5462 5721 614
4279 4828 435
8169 8347 559
8091 8156 363
5366 5618 129
7114 7337 751
728 984 955
4805 4890 659
11 614 529
5639 5891 447
675 1490 525
1589 1603 636
1449 1731 395
4489 4895 347
7691 7705 310
324 851 670
8125 8136 5
278 497 834
1450 1852 531
1338 1457 69
6065 6102 683
7665 7667 876
742 1121 758
9466 10226 591
7962 7976 590
9175 9380 887
4055 4087 897
2975 3584 115
4293 4327 221
1952 2450 942
2277 2921 745
5307 5382 146
6116 6413 380
574 660 119
26 493 346
167 622 553
6668 6688 962
6410 6766 59
1955 2049 72
2212 2436 398
7229 7587 109
7644 7646 558
4768 4916 970
5464 5627 933
8418 8525 392
5677 5806 158
1002 1096 471
3233 3517 244
338 912 352
2577 2849 983
1911 2490 262
3792 3872 511
8481 8809 260
2676 2882 720
849 1103 36
634 986 906
3252 3457 698
3141 3147 495
8603 9116 58
3630 3640 506
9631 9726 371
4834 5032 268
7858 8008 419
3303 3728 203
2113 2114 538
1730 1851 705
7685 8245 82
4779 4983 368
8273 8564 91
1068 1170 754
8605 8877 222
1565 1801 785
9288 9614 235
1508 1665 21
5574 5817 876
1798 2052 848
4714 4765 987
4124 4712 496
2657 2799 546
9731 9945 100
349 397 369
5869 6026 592
4962 5695 933
5450 5587 378
6865 6941 668
6563 6732 957
5541 5552 629
35 268 256
3681 3818 791
19 74 631
6641 6671 510
31 39 222
1405 1437 713
1152 1336 876
625 1179 134
6189 6293 842
7930 8009 46
1621 1800 198
3380 3487 120
9905 10086 122
8392 9018 314
6593 7344 368
1811 1977 255
7751 7830 380
567 663 967
5747 5876 463
9715 9822 290
2411 2593 755
4306 4857 472
6202 6437 444
638 1186 388
4193 4478 435
8285 8416 425
1919 2411 543
5758 5856 81
8704 8949 384
7851 8028 529
2463 2973 12
5725 5774 406
221 386 212
2906 2909 18
5929 6190 304
7248 7387 258
3305 3375 30
8672 9029 113
9669 10293 104
6184 6501 397
9078 9386 919
5873 6206 819
5110 5251 982
3023 3155 630
9776 9826 763
6376 6442 892
9485 9865 243
6902 7030 350
8879 9083 77
868 945 893
4917 4943 168
4938 5400 543
9573 9611 544
3972 4339 900
2949 3724 441
880 973 824
6776 6997 74
2972 3785 532
1762 1822 868
276 772 77
9917 10411 76
7237 7448 371
323 602 492
8317 8920 67
3371 3525 796
8432 8497 745
8597 9222 258
6595 7012 412
5347 5701 861
5943 5998 245
1681 1743 666
7225 7625 661
7987 8745 687
878 1231 238
5509 5743 49
645 889 574
2279 2552 138
7106 7133 568
9808 9820 84
6926 6988 620
8708 9512 33
1587 1949 808
2916 3387 440
4395 4498 681
1224 2080 895
4923 4924 683
2801 2816 831
4259 4664 691
3718 3813 985
9569 9684 735
9408 9921 577
49 210 156
6875 6983 149
5244 5615 197
9289 9297 632
4135 4594 198
9463 9787 556
5529 5600 666
556 1010 658
9603 9622 799
7259 7638 1000
1931 2328 178
1926 1938 165
9385 9391 291
2779 3523 471
7653 7923 910
8575 9127 701
9196 9545 485
2149 2722 854
3644 4085 357
7680 7681 325
3257 3529 929
1846 1883 88
9030 9154 366
3994 4035 947
3643 3780 104
827 1153 97
9271 9451 124
6077 6655 138
1846 1918 639
349 571 542
3673 3953 373
7308 7787 423
1390 2263 760
8183 8230 246
7389 7690 239
1872 2036 968
2665 2735 392
3324 3512 732
4378 4413 335
1146 1152 633
2251 2305 285
7607 7819 202
87 447 565
4568 4631 558
5918 6367 732
5596 6310 82
5426 5679 250
8479 8925 348
4879 4924 168
3311 4101 687
7955 8188 405
6472 6945 430
1506 1978 928
6318 6868 427
8538 8930 341
1455 1983 803
1755 2141 270
1443 1926 965
9573 9578 887
4369 4521 171
7451 7508 272
5701 5714 255
2760 3161 52
1386 2272 739
3227 3240 398
8341 8403 888
8720 8775 363
9100 9243 568
266 801 243
7438 8037 429
2092 2419 670
6272 6734 517
795 815 235
5617 5667 373
4350 4810 186
3032 3052 297
842 1038 320
3523 4016 545
6400 6500 508
727 780 855
3608 3767 452
8652 8846 843
4172 4194 204
5225 5605 57
8242 8682 49
8960 9163 248
7179 7816 190
5814 6002 943
355 757 261
5275 5465 587
4070 4097 804
6568 6609 724
381 528 227
4994 5417 294
3402 3564 820
644 648 834
2042 2406 266
5821 6098 284
678 824 287
7832 7886 260
6439 6609 300
4039 4347 567
6525 7213 3
7744 7886 966
2751 3002 33
3496 3885 697
3667 3908 713
1988 2264 643
5424 5538 105
470 642 469
9871 10151 535
3720 3861 166
5547 5771 299
1988 2211 743
4774 5252 199
1562 1783 703
7585 7823 419
3245 3275 833
1871 1976 923
2554 2882 615
9296 9503 252
9933 9988 148
5762 5832 685
605 779 339
1438 1791 300
2286 2645 624
4496 4555 16
7764 8177 701
6667 6766 783
8844 9176 508
5970 6577 192
2268 2321 679
4751 5160 374
256 278 574
3012 3035 442
5089 5387 981
9476 9524 984
3683 3818 381
62 137 123
6317 6908 59
3725 3730 555
5470 5557 143
8949 9052 235
2591 2871 117
3735 3874 633
8143 8567 908
5507 5878 810
6033 6355 785
9981 10431 99
7567 7807 889
4405 4655 796
820 920 974
8546 8854 141
4274 4629 530
4453 4492 47
9495 9528 643
1090 1523 891
8415 8523 410
2156 2231 440
1618 1831 32
2114 2310 736
4047 4526 425
9128 9239 824
4859 4873 344
4893 5099 835
1234 1732 382
8579 8952 157
3525 3717 84
2619 2700 505
5039 5297 777
4096 4356 103
7319 7320 525
5087 5224 715
3233 3245 633
1516 1529 970
2604 2841 351
2229 2250 647
3730 4280 774
7019 7126 134
1672 1731 455
6611 6720 285
4351 4706 115
4736 5433 912
4171 4626 285
312 666 562
2954 3073 259
6967 7324 623
8369 8867 731
9390 9695 786
55 277 912
692 1176 425
2818 3322 524
5702 6070 51
3445 3576 197
1724 2007 273
507 613 666
8093 9034 282
7332 7484 117
4053 4511 541
2178 2398 400
8930 9253 482
1118 1637 958
2721 2772 490
5174 5907 537
3587 4402 993
7082 7278 607
4289 5196 340
623 784 482
2297 2776 118
7353 7395 888
708 948 383
6626 6635 521
6668 7111 951
4347 4997 199
6082 6274 384
3387 4182 110
1139 1206 82
6799 7256 588
9257 9487 880
67 116 772
9707 10273 68
3280 3677 658
1167 1340 198
5167 5550 547
9289 9594 917
1331 1702 881
1219 1309 608
6324 6768 374
7289 7398 92
1821 2241 289
2116 2276 286
1056 1447 445
4282 4463 628
4131 4281 164
1953 2566 201
1912 1930 793
3521 3685 55
1897 2058 986
9300 9372 92
7376 7647 782
9551 9750 7
8378 8520 769
2518 3103 769
4541 4549 550
9365 9715 525
4980 5591 157
5215 5648 43
8711 9229 710
3877 3907 859
5468 5511 253
2906 3396 505
7371 7415 88
2403 2571 866
2872 3265 672
862 1266 101
6362 6713 760
4551 5132 142
9823 9849 637
8499 8946 331
9652 9675 636
9730 9752 552
6710 6719 436
323 399 639
2653 2890 973
2156 2527 564
4151 4168 369
5688 5722 1000
1225 1356 77
6788 6823 478
9230 9441 505
6385 6740 919
1303 1420 617
3151 3153 1
4122 4310 507
3925 4159 146
7726 7786 314
9875 9957 629
3519 3634 770
7003 7094 124
8275 8335 402
7064 7138 226
5634 5842 24
8128 8473 122
6180 6290 619
2390 2926 393
6861 7609 795
2777 3324 293
1843 1952 519
6204 6593 902
7909 8632 301
4076 4768 827
167 490 652
9907 10451 974
1813 2676 612
7891 8163 170
7844 8193 326
6208 6220 800
3693 4001 65
3786 4324 371
6044 6201 385
1293 1718 636
9024 9207 815
1595 1929 241
5272 5391 252
8693 8821 610
7989 8312 387
6479 6534 887
5051 5375 520
6307 6520 387
8230 8851 373
3556 3672 112
4244 4248 997
3282 3371 722
1849 1852 804
662 755 164
4212 4704 797
5337 5350 534
5099 5296 669
5080 5187 953
1082 1324 859
5016 5285 406
2167 2578 37
5780 5961 183
4325 5013 757
2110 2172 15
516 542 325
9291 9827 983
7599 7858 11
1964 2034 718
6270 6320 855
1324 1379 992
8785 9105 683
2124 2303 451
6539 6750 446
5824 6419 49
1858 1887 945
3969 4416 475
5159 5226 761
2788 2810 675
4910 4947 826
8989 9005 786
97 427 233
1241 1439 405
7376 7804 478
7486 7870 218
6863 7455 775
5718 5883 889
2492 2586 789
7522 7532 232
5211 5216 681
4202 4412 244
9705 9848 396
417 489 595
6447 6571 36
6961 7310 907
7979 8693 203
8451 8484 59
8827 9202 947
3787 3825 397
2225 2588 366
6804 6945 694
4983 5089 235
4532 4895 371
9960 10027 30
60 238 332
6657 6740 924
1701 1808 193
7935 8295 920
4066 4269 695
1046 1085 756
3273 3709 25
4254 4567 888
9275 9386 148
7427 7908 829
7902 8191 292
6217 6283 22
6412 6998 502
4365 4574 618
8474 9259 58
4054 4072 115
6838 7282 59
6161 6729 873
2391 2589 249
3356 3465 473
362 451 530
6378 6473 10
4200 4629 947
6521 6986 603
2497 2513 707
8540 8541 344
6842 6982 473
1046 1183 105
8027 8112 325
1199 1410 266
8195 8223 317
9931 10483 364
8900 8917 46
1724 2267 171
7680 8038 403
3495 3562 37
1197 1831 266
3903 4077 277
4850 5005 772
2455 2897 235
1990 2598 465
6770 7544 61
8224 8423 276
3386 3402 698
6203 6204 530
4751 4791 164
3541 3679 279
1000 1759 175
9960 10420 505
1630 1756 533
3762 3795 563
8169 8235 788
8698 9017 263
8895 9384 231
925 1034 803
7775 8322 294
4115 4272 637
9223 9322 606
4409 5029 932
3102 3430 59
5015 5504 730
826 882 294
9150 9619 464
6535 6862 630
9619 9736 801
6219 6455 609
2980 3011 357
4042 4564 500
7613 8405 898
7641 8198 559
1675 2047 994
4820 5237 982
2899 3033 45
1552 1792 691
6527 6786 333
6530 7022 65
8761 8818 510
9839 9849 763
4402 4423 570
4786 4917 748
6661 7369 165
2115 2175 777
5307 5538 414
9023 9051 187
2490 2674 332
4761 4903 358
6373 6463 906
4563 4634 816
2323 2401 373
1909 1922 344
8064 8080 308
7763 7903 130
8770 8916 162
6115 6194 96
4778 4912 515
4950 4951 135
5682 5755 467
8373 8748 803
711 1365 472
4941 5413 419
5808 5981 490
6954 6997 468
5898 6313 405
2778 2958 537
1086 1345 615
3224 3449 130
6236 6883 642
9872 9993 983
8343 8356 190
9765 9816 621
4386 4400 3
495 830 455
3418 3631 599
7469 7623 151
8882 9676 14
2686 2804 874
6196 6289 466
2415 2854 86
8308 8354 772
7319 7632 866
3666 3841 889
3364 3469 181
9363 9584 269
3729 3861 779
857 1245 446
3704 4108 114
202 271 443
7480 7657 678
6016 6127 619
9679 10057 659
8204 8262 264
435 564 460
3380 3438 317
9993 10632 664
5492 5505 572
3169 3756 361
6380 6543 404
7732 7791 982
3473 3695 912
6588 7513 306
2970 3611 298
6863 7296 394
6573 6782 566
8910 9049 597
2098 2701 722
9634 9821 100
7143 7221 153
3835 4508 668
9159 9936 631
2902 3068 670
695 1027 883
8415 8514 493
4867 4904 976
144 797 73
2424 2502 711
3247 3316 110
1573 1934 178
8248 8260 176
5457 5736 636
2311 2391 933
3961 4110 388
5719 6043 426
4292 4303 842
1912 1962 132
462 644 990
238 260 807
9297 9311 971
1548 2030 822
2379 2553 195
4338 4845 532
4594 4683 268
6805 6812 964
6519 6759 264
3665 3900 425
7950 8075 52
7548 7756 824
7439 7781 642
5139 5165 211
7965 8061 365
1077 1231 236
2819 3003 696
7517 7682 966
8086 8348 652
6051 6207 977
8910 9205 148
7483 7695 746
8605 8834 397
2870 3077 277
3822 4405 573
6436 6560 63
1414 2315 354
1606 1751 829
4452 5077 997
2613 2702 434
4117 4294 429
7949 8205 601
5090 5249 381
2827 3285 794
638 958 287
4569 4606 414
6586 6746 104
3174 3267 168
9358 10148 429
204 440 516
5296 5444 446
7964 8023 132
8871 9165 471
8541 9287 605
7240 7532 562
9203 9222 662
9195 9388 995
4927 5221 879
1026 1037 746
8837 8850 552
2629 3030 641
2545 2879 450
4680 5168 664
4127 4839 240
2206 2246 220
6822 7043 141
6884 6937 639
5173 5388 625
4465 4548 878
6523 6757 129
3014 3730 899
5206 5213 771
3928 4116 345
8888 9054 169
1555 1728 152
2492 2545 471
1926 1952 512
41 131 608
2309 2620 795
3374 3510 612
5056 5486 111
6757 7021 425
4458 4762 238
8874 9342 812
8171 8571 118
8306 8723 926
5687 5795 94
1647 1735 395
6433 6506 794
5204 5422 607
7764 7765 876
3588 3714 237
2100 2244 749
5813 5830 885
9324 9395 718
9538 9549 264
6063 6280 156
4687 5280 418
5514 5519 442
6607 6750 361
822 1660 547
7039 7071 597
459 1224 885
9048 9109 119
5854 6278 681
4023 4091 377
9801 9874 602
2796 2881 5
9243 9415 693
444 445 932
1768 2066 456
9596 10091 880
5342 5836 66
9832 9986 600
8883 8884 852
1162 1394 332
9049 9086 901
674 676 717
6994 7029 785
9236 9356 67
9835 9942 619
9186 9560 575
2736 3151 381
5757 6141 146
8302 8956 18
736 777 200
4192 4387 750
3286 3295 210
